79851.0
12295787.0
4125973.0
4241124.910475943
10719290.999999998
1540266.5060511786
61287230.45078442
11101.691535921378
59848742.71355677
42724726.75420492
9389.02743406362
40373834.20520245
174305.0
1042477.0
303187.0
1042477.0
3925062.1056500054
168728.0
9148.171391720567
3925062.1056500054
10611656.293184198
73557.84993619139
33359.933622072436
2399850.5283232317
266326127.0
66989.14332612095
129794.01337226907
2388541.7798204785
13746210.0
80426.57777777777
29014.222222222223
2161615.4666666663
13570395.700123211
41394.24931765202
22962.902559055437
828908.3033803755
12153169.478701664
130542.78399352203
78519.0
12153169.478701664
12295787.0
69890.22615651597
67950.62744175586
1535667.6317916107
596.0
3768777.0
1447832.8269005152
11101.691535921378
298131.85581720906
90073.40563170145
90073.40563170145
11102.0
89239.6917723282
146907.96733849228
293985.79859130224
78947.06018874438
146555.72191564005
315160.2059242319
34493.47269777724
29334.856411750447
3776358.2282784428
34528.62773298302
88783.89003561984
3541443.883773217
1606700.0
29153.0
70835.0
783214.0
47734.67213114755
691.2295081967214
70835.0
27282.540983606556
171399.0
148563.0
925515.4741905518
11102.0
261976.41612388994
77739.47722529832
148563.0
925515.4741905518
1343210.4721015703
77739.47722529832
1343210.4721015703
169285.62039767776
194838.24437296408
11102.0
87253.58001564007
194838.24437296408
145456.0241936234
139902.58858306077
194838.24437296408
42664183.21824503
10527774.477363622
66265.24578300286
3724359.9538030885
54736.897893685906
28108.118391300726
8271647448.089508
2185689.3220466953
1954315.1912204581
966871.718701216
203156061.84349218
290025.0
4878214.592303168
89651.57992184667
79851.0
5131028.0
286412.47866056126
4878214.592303166
5131028.0
70877.14128850894
438866.00715693005
8925.769176217505
70762.12901113334
3458221.4374678037
58851.39732041852
244769.29252787004
1255372.9039155715
2520122.1731750723
1606700.0
34773.0
2187815.4105532006
36744.10436943758
79851.0
336902916.9145938
2520122.1731750723
1606700.0
2187815.4105532006
336902916.9145938
3761919.171943195
1544451.2900163783
33654.31532701552
4611453.0787765365
85455.68645863397
73698.4215104799
616849818.3423363
2917577.265213268
1322936.135831688
3682211.678478296
378501819.4653515
240681696.34554526
13659092.871682761
79149.26684329577
13042092.182267258
141800.04511099792
28255.387871865158
53709356818.47001
4062251.1041131997
1982010.832032157
1350984.504014084
297752780.44433135
266326127.0
615793.960064745
39481.30216282658
531558.3450993997
71832.7772444607
649.3623430135408
2769486035.0221496
599425.6294590791
39859.881469919594
29437.6339153866
4066531.5083520017
3619948.430460908
3746464.8331192723
23244.728992982695
1606700.0
34528.62773298302
79506.71712700455
717316317.769715
3353373.6565522896
3380011.622034271
1538025.4249355472
630883577.6577377
484626.22847365297
12392168.0
108183.36191524717
64609.04227130871
1019.6318431695531
76887.01010471157
106874825.52696559
220736.71972730604
4923541.919792172
46248.22239603458
19196801.61372709
481446.5281596885
12392168.0
72387.66744385513
64185.13332886031
919.0995313902766
69825.83575482489
106173604.88244273
135035.8300439541
1645505.954118854
35219.94842852371
9075083.410079872
148637.0
1038030.7934016522
962941.0
90066.98922384946
78582.0
1295353.8045846722
1343633.8814623442
1355647.0
7262776.229133742
815956.7348263894
14370606.083090283
4060330.744458223
12069062.020073373
129776.9326191451
1018151.1023805586
41391.47456093102
78348.05250682085
395156039.5135073
4060330.744458223
12069062.020073373
1018151.1023805586
395156039.5135073
85717585.31896637
12247529.662874717
60277.99694048035
7370827.563859134
23528.538403522176
66793.9407316205
21919301502.285236
1318743.9237625583
1061512.0101942238
589326.3770001489
57738624.02552168
10178.504053295532
49268.10289593033
4773588.514390698
66076.7368115162
10110.025541949595
4888237.965753373
702867.971908387
728945.1306477695
4536.8589730647245
1252.8580803788195
72386.5214536938
63186.071727939176
4186.485413448821
471095.1316644681
24572.410555514027
147483.56976234767
239848.65757105662
1432241.0
161640.91433968645
41444.92317356902
1151824.836324649
238550.6774335719
158990.88984100884
1143639.268931157
1704557.1084886785
41611.642592592594
1037621.0
70730.16930350877
4918310.495828672
74565.02030572118
1425691.9189321445
137246054.4095355
952363.5814814814
1822611.5522009837
90546243.86588818
11515618.043374255
131172.2002136647
16414327.137766574
32210.78883461364
1399379.0823593922
67097.49512409867
949755.8422009039
2651590949.513939
1109177.3565719007
548699.2467232984
37086146.00434621
4602951.0
5520.504831226615
5121221.778269425
11799.712212825532
1598887.0198407322
9697.387760585016
118517.40334366728
695532348.7891189
78723.75050766718
156832.61661469023
2216744.224230343
77877.92553935581
133105.3002945346
1025104.836169669
929526.8021680217
9062.328267962876
81286.75243770622
56855.67612884141
79953.36970834629
72475.85490049912
1391626.6589921592
123921.45709471015
600085.2090224058
431770.29335125943
1205675.9398500693
1249802.7243422077
6992015.694798497
71915.67374929361
44168.53469836205
454992.46874359704
755477.2951606544
1092458.1867357926
799658.3019191069
3613634.749856547
13281705.998916266
409051.990476892
7680648.508614519
14230819.582144517
4375193.0
13712078.19672131
171470.0
1452509.1192953892
1838827.4867532775
39244.655378039046
1466699.3606557378
42167.0
34489.19672131148
820609561.8764229
3656345321.0952883
14230819.582144517
561579621.8032786
4375193.0
13712078.19672131
167725684.90449107
1452509.1192953892
1838827.4867532775
1466699.3606557378
120741995319.39375
820609561.8764229
3656345321.0952883
561579621.8032786
167725684.90449107
120741995319.39375
438373.0
17931208.0
13746210.0
41983.08354386279
33889.0
63191.0
249.91891610691047
1606700.0
56904.97433426274
23169.905525612627
125018717.0
85849992.0
22047.597098449154
3126300540.0
599125.4005728932
865612.4143656868
6788188.0
7734.980385184446
23404.62010753587
451556.3064874648
23595290386.999996
1145881.9867024077
3766472.3591578584
40168591.201466985
1057216.3395697812
219694220.57969946
13407607.807808634
3646546.7377049173
3736777.4549438413
13880.902272578722
3709442.0548204184
4776827.215279416
71986.33419369109
1578389.1335956869
31851.23830282127
73784.2174962398
2663595282.4802394
3548279311.49726
2231966.8639879236
697868515.3498919
1578164.4201384226
850698.6875288709
619016732.7452188
1834901.622740442
2010959.4961724768
1043933.5459821477
750192596741.3198
292508069.1658968
217792354.88906342
121815439.3055685
137871114.02215993
29338458344.79388
699349.051923837
3669683.0
3794229.000000001
4364.554931362239
321821.3506142837
182514.14409546973
2563.7397403398472
1606700.0
20445.221602597205
58540.389143399516
151151002.9941833
134513986.912143
41904.805228294346
726284604.0
234802.28937432208
88270.0239891668
33888837.22497879
98899.01935286041
45317.14716453245
319350.678052756
35140260397.65782
5213047.307989657
1385654.851716438
7359785.560456017
2646582.6184285004
224761387.41299316
14835135.716049049
62272681.0
17373531.768622268
75818.32142857142
5152923.14749671
1450736.4884300802
33849.81467434103
5054192.440798062
59527.78571428572
66979.48362720589
15617139402.941414
3430584618.488601
1267395.8765674962
15523858802.832212
2518459.7142857146
1392521.7664925058
783890951.1417699
966728.5349588487
586320.7792009814
1149462.0009065531
4358948159563.364
135245903.2928764
56362692.08565067
106331190.17769943
38482036.41295776
7366618736.185195
1888621.418183737
266326127.0
17955971.536535803
82310.08466095441
1536407.3160778636
184637.17076317995
3639.8915269993363
16391563.641945077
148919.33837578265
69354.98554586683
8286073689.925047
458708417.3609764
222541.9245401331
80445402769.29858
4106457.4966128343
1707961.574315765
362756766.4873242
159560.71995862792
88362.00044549891
1491943.74340889
2698789407840.272
35565640.27589596
12141955.075378602
174017028.0621951
8110661.7729831375
2534222025.0478144
194812.0
125650.0
10389.0
40544.791085976285
1469441.7686669219
79851.0
182567.0
125434.1585389314
5111732.644520081
10376.525621118013
4538145.952285778
1469441.7686669219
182372.04736024843
184817.0
5111732.644520081
4538145.952285777
5131022.788166616
169944.88680177619
9228.636483527478
2076.9049568730843
1042.81615879769
35991.27936302783
77463.6380409458
20648.219974370626
8946.81871607959
332299.57342403394
2044.2123796872977
103381.26536439966
31895.233767937305
20108.868535530586
75373.60393950334
289352.0194779718
92057.29173786318
775532.6929297927
596.0
60620.0
55030598.99999999
4832693.812673339
150946.0
69054.10426740476
16253838.157192476
19193.0
9076128.0
985853.6980636863
2839256.0
1178181.4773949618
12664874774.528591
1776724.466341397
1112339.0
483670.5477458851
1911211779.4882088
165470671.57188103
73211907.87813903
596.0
90373.0
3789807.0
4918729.0
34773.0
79851.0
1606700.0
22681.0
1456088.0
994666.0
3789807.0
4918729.0
655273783.9999999
1606700.0
1456088.0
994666.0
154553226.0
655273783.9999999
154553226.0
596.0
72634.28198806383
164051.40710382516
4865314.0
983.6615479322675
73670.96103785641
63721.51639344263
20467.91349206349
84245.60564663024
990019.0
82382.03650576806
1869822.1275295073
29697226.693989072
42501.136983066855
69275.36543715846
587587.3873015873
8595063.670309655
6205128.84365513
4873744.476320582
11102.0
27452652.756189987
3778792.3041590643
4849736.219722048
87380.26412263165
8281592.071149343
7534526.151827646
61856.75177998783
1598897.173979628
34214.164748662835
77728.16669419034
26454779.33432664
3802034.7658320023
4853104.993782457
11102.0
6155633903.62656
6041906454.72664
23142772.164284885
645031390.6775156
3322050.568231748
4375183.15477146
1648197835.4431944
6880918.851932879
6296426.202160168
1467556.7727685806
6178582560.5870285
5903665123.01113
22119636.857709743
648611701.5596576
3342532.704484139
4367531.217156595
1685875591571.2456
4570204647.854133
4694668351.626853
506857850.6223355
1242127449.6792786
1694129442015.0068
4583640250.67894
4548524948.509234
509602076.5780106
1206545539587.481
1211914863044.7405
10040.657829037977
1538508.7702835973
781435.3602025373
451712.59295007144
8805.474037053948
4597389.875529019
5156290.0
62228.62760992421
1604567.4881310575
28492.353683041572
69948.16786652735
11398260.105040887
3309404.6543866415
3476454.156547166
9939.205342905883
319141703.66032434
250325250.93090767
458573.64507779037
82626894.68745974
499389.91703195055
225030.15983618065
702399873.1189909
1440640.7057194216
1401390.458508811
736962.124172133
2198629164.4447384
2096721089.5605874
1947748.2893110118
551182012.3146753
1009323.8962013687
1047977.8202642746
70823576434.10342
61549074.02367694
27732972.362228934
24295161.531268705
78598802.15386222
569328738048.7295
143973747.41179767
102337802.61655244
52868269.81881371
4181469286.4108043
10095031731.515852
174305.0
195496.0
962941.0
11102.0
328064.0
4918729.0
65722.07173915212
371087.0
72781.47370691819
195496.0
962941.0
5131028.0
174201.2612805203
6042322.0
371087.0
4921354.0
11101.0
5131028.0
241763.82477446724
1353980.2359313588
6042322.0
195496.0
195491.0
5131028.0
961938.0640059253
1392470.9339675163
371087.0
370995.0
1389979.9339675163
1392470.9339675163
6042322.0
6041862.0
1392470.9339675163
962297.0
1392470.9339675163
6041862.0
79920.92422786234
170974.7222610701
925463.7711609267
7170.115991783752
68448.27292110753
556196.7862548316
11509.578204651141
294135.75625987095
77349.88781403235
128189.79954361329
460458.0268531879
4833429.101509264
78598.15620060259
5138411.041420593
66314.85821559948
3448811.361429906
7151.845322610022
3470446.3501637857
64992.990139662215
452036.6212258763
1295255.5723416028
135348.48139318707
127925.21836673276
5130785.501242986
453903.6343884012
3487694.3322524037
77753.11521268112
65893.05865237788
2643505.9457867653
2635334.842334724
1511300.0852926918
1288152.6067678167
3599399.204546425
650313.6201954067
3597609.500798506
1511300.0852926918
5836.737955327146
30852.66296929426
46674.24382781698
7813.414522373407
46575.505095363376
358254.59237836266
8671.678867168097
371087.0
79851.0
27059.894092015445
28822.19246796552
4042592.799853664
5833.752039563618
567157.7693952221
68764.73333197023
2272688.3972297194
7802.6764709220115
2095129.5677849592
45594.376046544894
358254.59237836266
224101.08912174834
27709.853971111814
27044.702117753506
5130029.737667196
28787.00425421191
4042592.799853664
101957.0
68554.96807220165
2272688.3972297194
2095129.5677849592
242198.95384938986
223667.84772942314
5129958.083631532
31415.883156569
4916222.931289242
242198.95384938986
116553.22543557969
170362.05607437837
743460.8982719437
9725.645657606283
155516.4494308449
1529159.0721054126
35938.02200286394
321540.7571016472
71752.86968853546
170360.81637898763
648850.4171459826
5130593.738268391
107126.15385429727
5121941.408839353
321517.94670645805
4657106.61577597
9723.490509703062
4728378.984275207
127985.69251921246
742665.1487748392
5121827.356863407
170362.05607437837
170326.0390900119
5131028.0
608222.1820971543
1279400.1237654
321540.7571016472
321356.4556529246
1273173.8676215878
1273888.5574539155
5121941.408839353
5119310.449131696
1279834.3854970085
742348.0715320434
1279003.414996268
5121481.408839353
46735.592505890396
144820.24563564986
1023950.0551440064
13658159.176888512
168728.0
6402.812424839981
46527.632498207735
87964.41430852842
34537.02008059828
73699.9386947429
335197.4852229518
10026124.42078493
45391.68468969612
1313414.0235447264
14067566.392118013
142904.98264564815
4215365.460417516
895987.0142103417
13658159.176888507
48085.77384174316
626533.5421626306
73699.9386947429
73699.9386947429
437336.7774344395
321294.5321088612
10026124.420784928
1321219.7549336709
1285248.9798398288
14067566.392118007
4215365.460417516
626533.5421626306
626533.5421626306
14067437.661935309
437336.7774344395
1321219.7549336709
626533.5421626306
54288.491310144265
147272.03332398384
612817.7893754278
10638499.105740182
71951.27135917479
9966.46392947403
41128.90681155776
87200.16121056945
28566.762185804982
133992.05526674364
408145.5922106708
8275356.587649794
36057.78021402378
1292581.8482432321
14160370.073273111
123721.22208539488
1084482.2655893608
376954.1383791205
2188177.8895229716
78072.68992164725
1169789.7877928335
134368.2601826762
117711.33190653281
600570.9363611131
271665.81007779064
2095844.2159331832
1306484.7221302604
1080257.4044838122
2226258.454930005
1084467.8610361207
1172454.3745430354
1023012.0861890865
2226108.202381517
600570.9363611131
1306470.3175770203
1172454.3745430354
169578.01675213675
148563.0
762562.4543237884
13556219.89416989
168726.42616519262
10857.992136752137
87222.71829350706
87299.49460521038
34349.4421405763
144537.25606837607
751676.608141988
13445816.766582122
151433.52110698147
1299371.6869841306
13955431.265121527
146186.55674953
1328122.28797731
700281.005606879
13556219.744049696
85365.37504963751
1264664.078902368
144688.25606837607
143239.42518325313
1315502.8901157887
692143.9769678575
13445816.758404441
1304340.3015449017
1281923.7669316265
13955431.243200833
1328122.28797731
1266818.3377850403
1253125.24270736
13955426.818583949
1315502.8901157887
1304340.3015449017
1266818.3377850403
27055.037894621575
128334.77337286246
475946.92337270116
10638499.105740182
47724.16750104452
3273.651365697939
10875.060261814777
70911.37025265285
22401.301424059293
64597.661186390396
171335.59070364624
3747248.2397991857
12603.200171423385
1021267.8018568598
14160370.065745583
98791.7680796271
567529.359556016
254137.24781773397
502806.7042975391
28263.76475886172
584831.6394559998
64597.661186390396
54380.69530322745
200814.80185721986
102570.04816239145
463751.27084281796
1021338.2892196996
819025.3039773789
507417.12004312174
567448.5805025223
584831.6394559998
500436.2737599377
499868.299922058
200814.80185721986
1021099.9393187584
584831.6394559998
174305.0
195496.0
1042477.0
962927.1769565842
18121980.0
11102.0
303187.0
327152.0
108202.0
371049.6486418801
1431574.858829174
195496.0
1042477.0
962927.1769565842
17981121.472849943
1929956.0
6042322.0
197859.0
7277965.707826337
4468332.0
19358870.009095363
108202.0
371049.6486418801
1431574.858829174
4348968.18913504
1929956.0
6042322.0
197859.0
7277965.707826337
4468332.0
5866986.902500924
67876722.0
1958402.0
6360794.135060681
26504981.529362366
4348968.18913504
67876722.0
1958402.0
6360794.135060681
26504981.529362366
72385835.08048545
72385835.08048545
100765.77596733379
178332.6847356377
810985.4091436145
743460.8982719437
12392168.0
9000.856469729755
234749.49853038075
133650.84958174225
99299.11613794114
340991.62233863014
1431619.687142427
158218.3272331121
719579.844535776
513696.49159817956
10739691.760071475
1757505.8209043834
5383706.482270626
181870.55861270623
5631876.452981934
4468332.0
19355780.683440268
87277.53262628955
132268.91842888607
960491.1895481334
3992415.618774052
1557093.1322953342
2395630.3333193134
160956.27484753987
4371533.266463749
3004643.891866614
2308561.3734227973
59967355.011177905
1798441.324774522
5838266.413113777
26505493.766937673
1513998.9966061448
26964113.416966464
1586194.4708318473
2523573.90047858
17266580.467586275
66300431.07549175
28363618.087531604
66441.332472954
194812.0
1026261.0
925404.0108659388
17764899.20042536
9795.022240792063
74769.85630620061
55955.98548881024
108202.0
329788.25608180463
1308492.1341231682
173094.36988488736
579161.927851554
457083.2853979624
12629656.642680379
1921072.0
5831310.785943431
197859.0
6973576.793906197
4468332.0
19116845.261408657
96010.58519630106
160157.00561124357
536548.764244388
3733823.252986378
1720857.5800586361
2863530.8781652446
175110.36988488736
4617378.6036907965
1295659.4990070462
1111517.6505268428
64948196.28754745
1958402.0
5942550.541358357
24518975.233953297
1830560.9147609181
32317424.33622615
1743211.5800586361
2971980.878165244
10635875.316123942
66189348.37418628
33513940.33622615
174305.0
195496.0
783620.5820498073
523259.0
18121980.0
11102.0
91976.0
33691.0
99748.01413222674
332089.0
243883.7486041014
195496.0
783620.5820498073
523259.0
17981121.472849943
1796556.0284224595
5845144.0
197859.0
4150553.328792565
1387424.6008942965
19356159.30377636
99748.01413222674
332089.0
243883.7486041014
3132900.5806170297
1796556.0284224595
5845144.0
197859.0
4150553.328792565
1387424.6008942965
644735.0
54836845.02706068
1810177.394412358
5942992.0
4703123.884135193
3132900.5806170297
54836845.02706068
1810177.394412358
5942992.0
4703123.884135193
55572398.79051521
55572398.79051521
134785.6347724672
192135.85151918608
15980.982636601218
743460.8982719437
12145924.997312468
10777.833333333332
1042.6940302780556
319872.8333333333
5521.452409167037
371087.0
6147.679239006569
188561.5415815748
15977.88907182562
718631.3370176255
12008484.584816398
90881.82291288475
5755318.872719373
197859.0
116777.82351799907
15980.982636601218
18852462.955263957
5504.822632930782
259449.83333333334
6021.229744699402
84073.36730384249
90714.94940206758
4806616.252290978
193080.33333333334
115503.06670541277
15977.88907182562
5721071.666666667
1599839.6861388676
90881.82291288475
6361205.0
116777.82351799907
77043.845659334
1529370.017912034
90714.94940206758
4973653.333333333
115503.06670541277
1599839.6861388676
1529370.017912034
125475.30234432934
194812.0
1023574.4498415806
36152.0
17931208.0
10360.61102484472
222498.7847556566
1917.7142857142858
108188.42251807392
13210.0
16283.0
182112.87189440994
901035.2947125118
33886.71428571429
15512328.453446683
1921072.0
242271.0
197859.0
297275.0
4185859.1451267567
17719379.021702033
100015.38664596273
12860.42857142857
15894.57142857143
124155.0
1786287.1692546583
235077.42857142858
184128.87189440994
292664.5714285714
2844590.5383959343
33886.71428571429
2296575.0
1958252.6476988131
242271.0
297275.0
120571.14285714286
2221858.142857143
1808641.1692546583
235077.42857142858
292664.5714285714
2296575.0
2221858.142857143
128350.41981152311
1042477.0
962941.0
232813.84162733651
129527.13260376571
1426538.449897237
39681.90303169128
1432241.0
79851.0
918345.1827452674
663753.6573180793
5111216.450932518
128060.72114749003
7278021.0
941216.2374863841
4424940.146351305
231513.81852684074
4497771.359570234
127625.35525080691
1426538.449897237
5698769.146369364
1034639.5467320932
917209.4852618377
5131028.0
661405.2248464973
5111216.450932518
1305635.363995445
932376.0381315016
4424940.146351305
4497771.359570234
6582541.683722054
5685047.364907807
1034639.5467320932
893685.2812419578
1305635.363995445
6582541.683722054
98739.28723283013
797888.1048472608
716891.1050547498
226111.39171852602
126479.87769257757
1306845.9138006011
28740.518378343237
1432241.0
64294.114821090676
709036.9711820893
526642.0890866606
5085665.060838794
91679.34112073974
5406825.118280921
943328.0934281719
4227806.7841755245
187154.2436371833
4388980.119103011
95495.10290539169
407463.9581110132
4505455.665603238
774579.5917193913
683468.5851115739
5131028.0
480488.3613917928
639852.2536075844
1287845.0
754256.1088243736
636031.1789979397
635617.3291113573
4784251.043520668
4303736.330150598
774579.5917193913
586170.803685743
1247050.6893009436
4784251.043520668
127287.03739553521
783620.5820498073
953420.0
74206.8005200612
119581.47861657923
1441913.0059873797
29984.148862780774
441097.26427322964
63116.61521711665
669570.8565245426
686008.3941096982
5103486.4529853575
116793.51621419753
5310212.846538214
353230.86391891376
4459758.185017765
70510.85774935712
4596855.800168677
91454.75139642198
409509.05002665805
4489903.870037811
754839.3790163157
633175.6882113547
5131028.0
602482.3076754597
587482.1256503639
392280.50415521214
325722.55124541715
584075.8878009617
583635.25916465
4761835.166004291
4185776.5452193683
754839.3790163157
778618.0
390158.9087521063
4761835.166004291
68761.00410593627
1042477.0
523259.0
80812.9616252059
25991.928347166882
411221.55825669446
9415.244708821569
329576.0
77391.71349293947
600950.9406818254
401051.07048824866
4443144.111625143
67866.65599656134
5246447.0
250987.2593456101
2945702.448744443
78417.9398446257
3017312.3160360022
25696.81728197065
362193.323280144
4003728.0761391274
903433.8840423105
595582.9100721997
5044313.444557184
395483.7121596015
3682884.0380325564
282416.0
249385.46516762406
2558756.4189129625
2551617.215507155
4425711.0
3970932.590127305
903075.0939373827
459382.0
282416.0
4425711.0
70270.38152368186
1042477.0
962941.0
83273.02678337015
80429.18403198206
443508.7712115771
10001.843372829087
1431993.0100558493
79851.0
611659.2520878003
582089.0886959836
4636703.220640368
69836.98925210016
7278021.0
742068.6297615429
3187787.3641841365
81908.05268226644
3738931.61383269
78620.51245720971
443508.7712115771
5952730.983753064
911493.0209897126
608608.222629562
5130125.701284712
579263.1886541498
4636703.220640368
1302693.3153506378
732465.2740466025
3187787.3641841365
3738931.61383269
6914710.653559541
5936781.812679761
911493.0209897126
790488.2152321764
1302693.3153506378
6914710.653559541
69920.07007100293
810985.4091436145
743460.8982719437
92022.8099225076
77894.5067885922
575251.6055878971
9205.48521097893
1432196.171686747
63740.6
538283.3345184379
426533.8896680615
4784193.217330114
62700.910784829524
5631876.452981934
646734.5265915181
3433571.5117335184
73832.54371365713
3846970.461643592
54115.82300374255
191920.72627559045
3753249.196686176
781802.9542086326
502793.85318108054
5055434.749572852
385571.5166253537
668331.9668431084
1162584.1932031836
497873.2326984266
658268.2237166048
640031.9319533593
4494540.154170098
3555904.06908312
729045.5678634921
528812.8953109332
1131148.2091967654
4389109.807472406
15512632.095176438
159259.3880817275
39941.17889302068
13076996.664276274
43046215.43480669
132712.0
89010.26324965202
43046215.43480668
262548001.0
76169.18237144579
148841.99301494577
3274808.246686726
266326127.0
82321.81729611082
156298.94194858987
4006029.4142841157
13711044.600059513
163992.78488845247
34428.863323275655
12466020.696826557
13843804.809986945
171143.02189748944
34599.768941545044
13757157.468107898
743460.8982719437
68815.0
134887.0
328064.0
287645.7371977316
743460.8982719437
63068.470399642974
287645.7371977316
17928135.833202306
96598.99808253997
73553.0
3028340.981797701
12153169.478701664
130542.78399352203
78519.0
12153169.478701664
54787980.221165
146371.97036274313
58109.2208955377
2180026.484942876
50958423.36144858
212387.87736016014
84234.24800091426
32302660.136099886
54029936.60556611
187549.35919013305
73480.3693086872
11427573.26158101
302845.61963466404
52898.25236217468
84244.51747190645
3176681.7743712636
34773.0
46100.27068451766
3176681.7743712636
3789807.0
33763.34345826552
84840.53583484612
2854944.4712342317
1042477.0
962938.0852152966
174305.0
1432109.2517314064
303187.0
327888.0
7278009.340861186
1042477.0
962938.0852152966
1432109.2517314064
7278009.340861186
795547.4601316844
710999.0026039724
132120.06305752997
1298859.326107904
297712.08842080657
262116.0
5365660.96817104
795547.4601316844
710999.0026039724
1298859.326107904
5365660.96817104
3942977.0753572052
13746210.0
163965.15702195428
683919.4742240516
9030.18708786489
34527.346077635724
1084452327.380294
3592916.152795199
12490915.771482477
665924.6030463228
950214024.9808708
16388682.53775596
13844516.886473646
151028.07355953008
2014163.446286785
41424.30526342143
33836.66332635016
4209193851.48068
11434587.145508759
9342537.858063547
1770746.042686765
2377126339.043072
11910602.727007043
10719290.999999998
58455.0
1917758.8621895625
32641.23139424524
25669.0
2886239713.022267
968658.335861462
1251581.0
639467.9616450033
96598175.79917096
124276.28833547207
962941.0
122880.40590940823
38978.16612495294
572624.9143497637
124062.86763526304
121179.19776614534
571681.2296452635
131230.28818637962
716891.1050547498
273347.6990582492
85638.48983101046
605981.4445606065
131227.0441022283
269724.41940179956
605855.8022822785
161395.94969410184
1547413.2822196407
41319.27791966253
78519.0
4685976.518566405
158808.82020115797
1547413.2822196407
4685976.518566405
2012954.7171376753
1606700.0
30039.0
1576672.0538905764
37724.443358552875
72323.0
250366138.16146463
1214733.246356576
877159.9999999998
868964.5465425511
81160876.58728449
264198626.02323696
13862791.0
71799.67489069526
14136173.79921919
137990.06148380128
27457.044028365024
58905962307.94406
3177401.3759114156
1659667.8817708294
1184357.07303417
228894654.51220644
167111640.79744157
10638499.105740182
89883.1965814424
14227035.0
185359.88608035765
31895.871346468295
39250138760.896935
9696067.386724895
3909697.014868004
2569561.460846561
1083805535.5616412
61877727.07076177
13649964.06882788
72034.46107538027
4602951.0
59602.948411970385
28424.387378136347
12045863635.652588
3191008.1151231234
2033236.290387285
1415548.4215056202
316866527.84866923
3518721.455201468
3652375.1329456274
24157.622918939578
1529663.4323563727
33680.13971828409
77583.78186778734
660345904.2854528
3518721.4552014675
3652375.132945627
1529663.4323563725
660345904.2854526
3619948.430460908
3746464.8331192723
23244.728992982695
1606700.0
34528.62773298302
79506.71712700455
717316317.769715
3353373.6565522896
3380011.622034271
1538025.4249355472
630883577.6577377
126714.2889043152
810985.4091436145
743460.8982719437
134887.0
78089.53310260057
60934.65332363914
9792.783905404503
1431665.2123493976
303187.0
326887.0
1137968.3028174723
1056477.9726486786
126714.2889043152
5631876.452981934
810985.4091436145
743460.8982719437
629380.1022068762
78089.53310260057
60934.65332363914
1431665.2123493976
11187931.276209287
1137968.3028174723
1056477.9726486786
5631876.452981934
629380.1022068762
11187931.276209287
137468.24176511186
810985.4091436145
743460.8982719437
134887.0
84585.6367994958
68568.10740857282
10420.036522510713
1432241.0
303187.0
328064.0
1247467.7804578212
1182221.8229319912
137468.24176511186
5631876.452981934
810985.4091436145
743460.8982719437
719527.9849021884
84585.6367994958
68568.10740857282
1432241.0
12578708.927428892
1247467.7804578212
1182221.8229319912
5631876.452981934
719527.9849021884
12578708.927428892
133694.03594277272
1038009.6114297686
962940.610316265
174305.0
80472.47335659916
69873.30682772861
9932.951440263583
1320955.779951532
272924.5823521649
327650.0
1207507.4031610163
1222678.5772204034
133694.03594277272
7265286.630793059
1038009.6114297686
962940.610316265
724664.0141426605
80472.47335659916
69873.30682772861
1320955.779951532
12952706.721997395
1207507.4031610163
1222678.5772204034
7265286.630793059
724664.0141426605
12952706.721997395
125236.05309432512
1042477.0
962927.1769565842
174305.0
76071.21769255627
62011.48548290921
9461.077513769527
1431574.858829174
303187.0
327152.0
1127858.3912732694
1095191.917413614
125236.05309432512
7277965.707826337
1042477.0
962927.1769565842
646390.3317694148
76071.21769255627
62011.48548290921
1431574.858829174
11684435.791039275
1127858.3912732694
1095191.917413614
7277965.707826337
646390.3317694148
11684435.791039275
262548001.0
17931208.0
67092.15465778665
16636341.0
134987.89610650408
67523.88153239476
80323284227.0
2550090.9328648425
1205821.2683555754
1155384.1380324329
103499954.18396774
59952540.27618572
17905003.018237084
92076.5500779571
4920991.130601938
65145.25909397112
71088.36696773722
15153327731.746683
6660934.44006611
2478567.7846015296
1790328.8198982892
483903429.8177489
261070709.35547066
17444315.563892864
84559.62979446346
16090005.331702769
161498.43050165888
69396.78136374927
77636726956.95625
4764514.099661572
1878095.5099131332
1643121.6201465232
220251553.55252483
22566443.750735477
1477249.0000000002
2685.8888888888887
16471010.632312698
166123.7866264014
72733.33333333333
7412169545.043728
383879.9555555555
124499.82222222221
1960875.345908096
27936847.088888884
233121.91526831116
1299721.6612700103
122981.0
31542.536476526588
930894.9434740307
200999.7207886084
95586.4315635268
773765.423690448
229893.07262147297
1369740.133479937
157152.38459632336
36822.0958721136
1104050.0051470986
215809.51318915977
130981.73439163706
1001809.7397439649
10952067.777317164
29711.144444444442
7767895.0
37935.85801919464
1819473.5468862627
69920.58888888889
1392755.718045345
2150021422.945316
927796.0888888887
778384.8313565981
75419967.53308365
54148596.62069349
258993.31891401898
16539579.0
88465.51364708136
4886431.844241516
79506.71712700455
48981713.28444067
12827715405.171577
14895859.342698086
4639901.008378744
11216743468.161121
2083220.3736647954
58882.39868663903
4789602.8698166385
10155.84573327971
598779.3995396558
69359.72294784633
507974.0980374907
344699389.03624886
1293440.881308169
256443.59811433803
27938212.229560353
40254576.5124103
272833.0
16539579.0
46912.0740698987
3599061.4538746183
79851.0
40254576.5124103
9665057795.717012
16539579.0
3599061.4538746183
9665057795.717012
3773973.3549817144
260934.07948101524
16636341.0
9901.19450333363
444031.85019762523
79506.71712700455
3398756.8390534753
910281347.1176028
14977373.431586973
425873.98616051144
790575843.2350518
14192683.97997232
155276.97931970825
16394669.0
28973.34606889762
1595624.4924358935
70014.70123388068
1509676.7320134002
3223880993.3797307
1622988.6009677195
754840.6966586707
82056037.22269161
1474694.1819297934
28363.30245769949
1035541.7776342125
17989.15703997526
1596487.983225571
52505.24349630383
199355.59759861234
94340979.0046539
315393.22612279287
234084.1487897171
4146670.724387912
14227035.0
277348.0
16636341.0
34773.0
1606700.0
79851.0
14227034.999999998
3269423271.0
16636340.999999998
1606700.0
3269423270.9999995
71494.25761475795
118957.0967569687
810985.4091436145
742231.7166693122
8807.18387898947
96707.72058412043
99358.76395226078
72519.53464731423
58077.42921679697
1311009.0
117442.77352793983
552624.9176911276
548038.3227356431
1063800.12515958
1010619.6673599019
5621992.476054665
70411.75789455841
57781.836497842116
835469.4769447708
602194.2891931171
1050911.4036674718
1009097.5310550501
5006168.498684652
10686580.645909308
600036.5087550948
10673441.905990869
77877.92553935581
133105.3002945346
1025104.836169669
929526.8021680217
9062.328267962876
81286.75243770622
56855.67612884141
79953.36970834629
72475.85490049912
1391626.6589921592
123921.45709471015
600085.2090224058
431770.29335125943
1205675.9398500693
1249802.7243422077
6992015.694798497
71915.67374929361
44168.53469836205
454992.46874359704
755477.2951606544
1092458.1867357926
799658.3019191069
3613634.749856547
13281705.998916266
409051.990476892
7680648.508614519
125383.63071661873
148563.0
1026261.0
925544.0
11048.682239176982
234469.5462281336
121697.28849562096
90075.0
77741.0
1311009.0
147747.02003888495
903419.8862488469
672842.0629429246
1342800.0
1343215.0
6974553.0
89478.3537813303
67800.16274634187
928855.5901661352
809082.0
1333245.0139240357
1198883.0678278233
5791718.283975478
14232960.0
683960.4255439474
12380396.787907287
171399.0
179479.29815814507
1025611.9089659693
60797.68108855921
10186.0
298004.2440106416
99299.11613794114
179479.29815814507
1025611.9089659693
61757.86044102929
1769273.075202922
113576.95924471985
353172.5559052889
99299.11613794114
1769273.075202922
113576.95924471985
353172.5559052889
1033190.0343492423
1033190.0343492423
1630024.2780626288
22589857.60423422
82499.07515035197
4666.89148652881
12963864.556128096
105557.52164064306
38879.329306909414
529214.3970870975
179914.18481594208
1017.2288026920077
5751058421.872055
20097049.07728443
733529.179634142
225225923.24937955
3365884.3865730474
51122.29563513658
165001747.04521495
4250644.235856132
84028.61541976141
166306.28464828728
84202788981.24298
780108215.656071
8310846.381885003
27369360.630358957
34608617.2890526
7931801539.578694
14844852.225817896
60786624.25297118
584366.9300241733
44907.0
5071532.1592689855
97047.28039307879
27509.009974022625
199370.29482258306
42212.789615567526
492.7963268948724
15385548972.46254
192665094.28709784
305188.09440098656
582651647.7595607
493333.8236934107
17676.59482322716
51569371.814010166
361965.6167169387
11848.783576870019
15184.34571302269
252601572874.17374
14101974.484539019
1153033.1617786537
1539237.5489412462
655681.0600452791
133843925.2417671
266326127.0
17668738.438209653
618878.6899224503
64863.5496484335
16000635.1320761
534221.1089531863
127232.24456539386
63914.189602008686
64644.182062026994
829.9839587184617
78930374142.06654
2783359370.612893
2186469.682197529
150016509.68842474
1069091.3913471356
90645.61675776321
128993716.37952386
1055977.011377929
61204.06244107087
27681.772711990106
905780559886.747
80229877.9526509
15353378.687739627
5018348.144516754
3293558.5787619413
1047674526.0275791
4902613.75524689
165407380.6621859
12392168.0
15657.999999999998
5046425.785385365
566341.5521861869
4997.091254253345
16374260.24121271
22383.313168031542
34509.0
18628909716.208958
1122836164.508954
31900.17986783859
49159291533.00319
85434.43772267722
139933.0
1234622337.5921595
38387.25209836083
55457.29547137588
142277.0
6049351463443.2705
378187.1305970567
449142.49961680465
1011328.0
549518.2626337665
6254652.50612209
167574.64755523586
169562435.0
12392168.0
132712.0
163092.47609392574
24553.6629632127
727.5856530940763
16636341.0
277348.0
79851.0
555296136.2668072
32404038.632511288
167574.64755523586
50642754922.0
169562435.0
12392168.0
34975755.09273061
163092.47609392574
24553.6629632127
16636341.0
166940766790.5508
555296136.2668072
32404038.632511288
50642754922.0
34975755.09273061
166940766790.5508
4126881.8325096713
259387573.54835835
17756977.107027162
73309.03993579128
3423657.05406094
409185.90949219366
8139.846574920936
16636341.0
142895.00875817143
68945.0444154774
17954893273.288513
1010167901.6473402
544251.6342646691
79386627219.29199
3822889.3136647604
1528834.9616734544
819825463.0326415
382060.74653841165
198779.6040404042
1347948.229381777
5933436571504.282
125281759.94696973
33595464.646532685
213175591.1665093
21436213.14616599
11527236154.594494
154379.49670474383
138639.10649188783
7216.8406406184495
39225.661606870526
1451374.5546361837
79851.0
126833.15502676523
138132.43090479524
5130560.440956812
7213.90965102859
4385351.086414827
1451374.5546361837
126755.42007831568
134370.2239432051
5130560.440956812
4385351.086414827
5131012.396544343
596.0
89895.16000648608
3779792.3269943516
4849736.219722048
34773.0
78519.0
1599318.0
22630.35757350398
1453571.9929891087
987799.4394410746
3779792.3269943506
4849736.219722048
645199848.1813467
1599318.0
1453571.9929891087
987799.4394410746
153048507.52920738
645199848.1813464
153048507.52920735
170538.0
176710.09853961944
962941.0
7617.1070076907545
265536.0
4723298.379104962
88252.98704232328
342875.9533389551
77832.24632086558
135352.6006566873
751219.0
5016062.903741521
170515.74634376698
5632742.998520689
77002.79364032834
4714036.312403914
7610.769134154305
5016062.903741521
262146.3713374182
4723298.379104962
1473353.145821356
140592.69131598013
135241.37684305367
5016062.903741521
750683.8490350368
5016062.903741521
86300.97941756871
76803.85404089824
4714036.312403914
5016062.903741521
1648961.9711216073
1469835.99860781
5016062.903741521
5016062.903741521
5016062.903741521
1648961.9711216073
58698.855298570285
170400.5601652583
810985.4091436145
743460.8982719437
12278903.89480787
132712.0
8923.537087093682
79568.77043071686
62880.27906810661
95110.69074461523
321403.54166768276
1429271.0500651253
78118.7065608858
157674.00778732987
501093.05646342033
407495.43080437416
8731988.18315759
54305.297042878
1686090.3362227462
5126714.826325838
173211.65873466292
159595.0899332548
5631876.452981934
4468332.0
710698.8750017105
19075051.62440723
601636.6591639183
12278903.89480787
87213.21102711404
165740.51328493678
598443.5391489209
3764706.9972377974
1562216.9605797832
2982636.134403947
159851.80909133857
150744.94247397917
4017280.915549378
1400262.769120557
450041.530581675
19068344.431566928
347233.2932464686
8731988.18315759
57188169.14211321
1719373.8788399496
1534626.2062370335
5499807.168019101
3995975.600672775
173211.65873466292
26480640.02931659
4213336.373294511
4468332.0
19075051.62440723
1832893.7625558595
32585954.192274168
1585941.804624184
1466046.8930739262
3094208.4377129003
2720095.409925277
159851.80909133857
11844595.861916652
3254538.968396413
1400262.769120557
19068344.431566928
62423106.917630285
41064108.95788187
1719373.8788399496
5499807.168019101
26480640.02931659
33810510.828722775
29256522.218008522
1585941.804624184
3094208.4377129003
11844595.861916652
62423106.917630285
33810510.828722775
173640.17397484664
180161.29815814507
1042477.0
962941.0
18121980.0
171470.0
9309.101149342443
302098.6876420835
305232.9033943396
99299.11613794114
340991.62233863014
1432241.0
79851.0
164656.04334736292
1035907.2115909313
871060.8783814432
17948758.157704804
154367.14580037948
1778137.075202922
5620413.746472257
181870.55861270623
174559.4581475269
7278021.0
4468332.0
909196.4985202079
19358870.009095363
771906.1030417735
18121980.0
89819.22478656824
156155.85858141477
1304407.2780122804
3992415.618774052
1610976.2365416726
2853767.0808637976
166018.96237641445
161830.1446316188
6237666.4087099
4449718.0535915475
906661.3149240867
19358048.360835567
736013.5950331221
17948758.157704804
63253492.28157592
1798441.324774522
1692709.9856560212
5838266.413113777
4726063.70443448
181870.55861270623
26512190.0
5459129.929400366
4468332.0
19358870.009095363
1715389.1952658147
30802347.4209327
1625972.8458612394
1572821.951583512
2927356.208432579
2738186.809753404
166018.96237641445
24212013.148028295
5065866.116220578
4449718.0535915475
19358048.360835567
66300431.07549175
49155213.3767949
1798441.324774522
5838266.413113777
26512190.0
31611917.82418929
29344627.581706133
1625972.8458612394
2927356.208432579
24212013.148028295
66300431.07549175
31611917.82418929
115554.09025145034
186295.9854019747
797866.4992636926
716891.1050547498
12247529.662874717
130542.78399352203
10806.073667625797
237947.3584314157
164005.99539334723
105632.43644233915
358717.13603211194
1411146.4269687491
79851.0
186295.9854019747
771244.0827314074
628639.5969483997
11986574.03428314
105794.56003765794
1839417.3915126568
5427031.117634357
192331.33445908714
168984.03732434066
5406803.512697353
4393757.64355336
700414.9455544306
19354813.34458609
585340.8359459203
12247529.662874717
105632.43644233915
358717.13603211194
1146061.5541449394
4203404.983472702
1839417.3915126568
5427031.117634357
192331.33445908714
168984.03732434066
5271149.589624465
3106870.8354944307
679846.9426989252
19354806.96330381
513099.5524721128
11986574.03428314
59677520.67775798
1909338.262603064
1618484.8831607876
6137535.611374519
3951268.632481649
192331.33445908714
26102101.281371493
4087331.663991764
4393757.64355336
19354813.34458609
4203404.983472702
59677520.67775798
1909338.262603064
1618484.8831607876
6137535.611374519
3951268.632481649
192331.33445908714
20809131.579243336
3984115.3460443104
3106870.8354944307
19354806.96330381
69751431.7884152
40535316.34858497
1909338.262603064
6137535.611374519
26102101.281371493
69751431.7884152
40535316.34858497
1909338.262603064
6137535.611374519
20809131.579243336
69751431.7884152
69751431.7884152
84016.67697491235
179479.29815814507
1026261.0
925409.4748758974
17144152.606468637
168728.0
10116.071658837449
96447.48798245405
98306.07547273695
99299.11613794114
308044.34112085926
1309390.1717737569
75934.11761651181
179201.80412806687
658853.1329221474
662353.5132650032
13149546.83818663
76627.02762147895
1769273.075202922
5410817.244634636
181870.55861270623
173158.65719343067
6973865.198157332
4468332.0
896765.9883569474
18389149.81537002
749447.954095563
17144152.606468637
98763.67085756511
307958.5518975784
829467.9259248617
3506660.232853858
1767394.5612563244
5410338.208231676
181574.9410655901
172881.70049287984
6095349.434575589
1739108.5885430383
585925.9777221936
18386837.849014577
525527.1857863347
13149546.83818663
60336352.26687495
1798441.324774522
1675614.284804915
5503618.46174055
4570961.415584341
181870.55861270623
24540647.700600605
5290697.688255254
4468332.0
18389149.81537002
3505763.697126705
60332488.39699615
1796417.8226916208
1673752.9654031917
5503139.42533759
4570531.813497895
181574.9410655901
16703910.255355911
4553473.726854106
1739108.5885430383
18386837.849014577
61401476.10272566
47255961.069321714
1798441.324774522
5503618.46174055
24540647.700600605
61397612.23284687
47253679.09757137
1796417.8226916208
5503139.42533759
16703910.255355911
61401476.10272566
61397612.23284687
143617.8486019095
1042477.0
962941.0
241257.02491943716
166086.04133223917
1577984.5464675298
36151.91036761539
1432241.0
69183.66666666666
977997.1574628211
820543.3985108386
5055282.501957616
132595.12577063194
7278021.0
1161512.9993394848
4578421.907819249
220341.2401456136
4698074.925626022
132900.42879931667
685725.6291478906
7014861.381097256
1042477.0
939553.2941485237
5055672.0
767165.5727897165
1064950.1019576157
1432241.0
1031752.413802118
1062211.9268739535
1061961.0967203605
7278021.0
6813309.049531728
1040152.1048057484
1065339.5999999999
1383524.3246812513
7249337.37556494
143169.69048433885
141736.22674742946
728872.0492598743
962940.610316265
10614.109843943574
59703.87955148022
163979.15982537385
41286.03078511791
84210.45138304983
72711.20698092367
368792.63304615323
141736.22674742946
674738.5878777505
819140.9123213169
142364.89712559024
1256155.9257864077
1267322.4891110107
5056689.6265144935
84210.45138304983
72711.20698092367
138420.8303375082
332218.41480393097
59527.549871562434
160038.44497800068
660075.6267343488
1256155.9257864077
1267322.4891110107
141735.8441048759
4846869.591539595
672128.8642551751
815514.3683284812
11992703.502855744
660075.6267343488
84209.38314530156
72704.16635793798
331318.9844093377
11992703.502855744
1256150.5845976663
1267287.2859960822
4838131.959717851
659977.3488615077
11992212.113491539
171399.0
142368.40624830843
1024322.621669955
929535.0
10592.06549944302
289217.2699379649
323458.84705530194
88631.62051388336
86583.42829539286
76472.5527735562
1366263.6091936505
142368.40624830843
1024322.621669955
929535.0
171399.0
1295962.4994291815
1308752.8254838819
6989601.522542357
86583.42829539286
76472.5527735562
154713.3590705993
1366263.6091936505
289217.2699379649
319449.33947492676
798353.7502498198
1295962.4994291815
1308752.8254838819
142368.40624830843
6989601.522542357
1024322.621669955
929535.0
13932253.152643112
798353.7502498198
86583.42829539286
76472.5527735562
1366263.6091936505
13932253.152643112
1295962.4994291815
1308752.8254838819
6989601.522542357
798353.7502498198
13932253.152643112
